aeq = zeros(4,12);

beq = [0 ;0;10;20]
aeq =[0     0     0     0     0     1     0     0     0     0     0     0;
    0     0     0     0     0     0     0     0     0     0     0     1;
    5     4     3     2     1     1     0     0     0     0     0     0;
    0     0     0     0     0     0     5     4     3     2     1     1];

